,NewVolSales,Base_Price,Radio ,InStore,Discount,TV,Stout,NRadio,Radio
NewVolSales,1.0,-0.6820341993811885,0.047408033111991196,0.4416265237029623,0.42476063707206485,0.14530757338673028,-0.3759052170376906,0.04652418436452277,0.04652418436452277
Base_Price,-0.6820341993811885,1.0,-0.0007140012380992092,-0.2377332593781918,-0.19718916791795496,0.07272045042144401,0.021701795316624438,-0.0006912486332434821,-0.0006912486332434821
Radio ,0.047408033111991196,-0.0007140012380992092,1.0,-0.018182191174647304,0.11549003320571878,-0.062278434552675836,-0.18674116365791157,1.0,1.0
InStore,0.4416265237029623,-0.2377332593781918,-0.018182191174647304,1.0,0.7193763415140431,-0.015758790110282563,0.025107810472300936,-0.017811547576037277,-0.017811547576037277
Discount,0.42476063707206485,-0.19718916791795496,0.11549003320571878,0.7193763415140431,1.0,0.11507354838604293,-0.025554586268965767,0.1121347123080398,0.1121347123080398
TV,0.14530757338673028,0.07272045042144401,-0.062278434552675836,-0.015758790110282563,0.11507354838604293,1.0,-0.126546394248013,-0.06188679398847743,-0.06188679398847743
Stout,-0.3759052170376906,0.021701795316624438,-0.18674116365791157,0.025107810472300936,-0.025554586268965767,-0.126546394248013,1.0,-0.18506590846469365,-0.18506590846469365
NRadio,0.04652418436452277,-0.0006912486332434821,1.0,-0.017811547576037277,0.1121347123080398,-0.06188679398847743,-0.18506590846469365,1.0,1.0
Radio,0.04652418436452277,-0.0006912486332434821,1.0,-0.017811547576037277,0.1121347123080398,-0.06188679398847743,-0.18506590846469365,1.0,1.0
